// Fighter
{
id: 0 // actual sneakAttack
field_0x2: 0
sneakAttack: 0
majorWound: 5
detectSecret: 1
acrobaticAct: 6
detectTrap: 1
disableTrap: 0
unknown: 0
forceLock: 12
unknown2: 0
pickLock: 0
unknown3: 0
turnUndead: 0
list1 {
	0
	0
	0
	1
	0
	1
	0
	0
	0
	3
	0
	0
	0
	0
	-5
	10
	5
	5
	10
	-5
	-5
	0
	2
	-2
	-1
	1
	1
	0
	0
	0
	0
	0
	0
	0
	0
	0
	0
	3
	25
	3
	8
	25
	4
	19
	4
	20
	5
	25
	6
	25
	3
	25
	0
	0
	0
	0
	0
	0
	0
	0
	0
	0
	0
	0
	0
	0
	0
	0
	0
	0
	0
	0
	0
	0
	0
	0
	0
	0
	0
	0
	0
	0
	0
	0
	0
	0
	0
	0
	0
	0
	0
	0
	1
	0
	15
	10
	16
	25
	5
	2
	5
	5
	5
	4
	4
	0
	0
	18
	30
	0
}
creatorCodeId: 1
age: 1
list2 {
	2
	1
	10
	99
	0
	6
	0
	3000
	0
	4000
	0
	6000
	0
	10000
	0
	17000
	0
	-30536
	0
	-10536
	1
	-6072
	3
	28392
	5
	22320
	6
	-8752
	8
	25712
	9
	-5360
	11
	29104
	12
	-1968
	14
	32496
	15
	16959
	15
	16959
	15
	16959
	15
	16959
	15
	16959
	15
	16959
	15
	16959
	15
	16959
	15
	16959
	15
	16959
	15
	16959
	15
	16959
	15
	16959
	15
	16959
	30
}
InitialItems {
	452
	20
	1
	209
	400
	418
	455
	805
	877
	0
	0
	0
	0
	0
	0
	0
	0
	0
	0
	0
}
list3 {
	1290
	3860
	6430
	9000
	0
	-1
	-1
	-1
	32512
	275
	0
	0
	0
	0
	1
	257
	257
	257
	257
	257
	257
	256
	0
	0
	0
	1
	204
	404
	0
	0
	0
	0
	0
	0
	0
	256
	0
	0
	257
	0
	0
	257
	0
	0
	257
	0
	0
	257
	0
	0
	257
	0
	0
	257
	0
	0
	0
	0
	0
	0
	0
	0
	0
	0
	0
	0
	0
	0
	0
	0
	0
	0
	0
	0
	0
}
}



// Monk
{
id: 0
field_0x2: 0
sneakAttack: 0
majorWound: 2
detectSecret: 5
acrobaticAct: 8
detectTrap: 10
disableTrap: 5
unknown: 0
forceLock: 8
unknown2: 0
pickLock: 10
unknown3: 0
turnUndead: 0
list1 {
	0
	0
	0
	1
	0
	4
	0
	0
	0
	2
	0
	0
	0
	0
	10
	5
	5
	5
	5
	5
	-15
	0
	0
	0
	1
	2
	1
	0
	0
	0
	0
	0
	0
	0
	0
	0
	0
	3
	25
	3
	14
	22
	5
	20
	14
	23
	14
	25
	10
	25
	3
	25
	0
	0
	0
	0
	0
	0
	0
	0
	0
	0
	20
	0
	0
	0
	10
	5
	0
	0
	0
	0
	0
	0
	0
	0
	0
	0
	0
	0
	0
	0
	0
	0
	0
	0
	0
	0
	0
	0
	0
	0
	1
	0
	12
	8
	16
	23
	5
	3
	4
	4
	3
	3
	2
	2
	0
	18
	30
	0
}
creatorCodeId: 2
age: 1
list2 {
	3
	1
	5
	99
	0
	6
	0
	3250
	0
	4500
	0
	7250
	0
	12500
	0
	25000
	0
	-15536
	1
	-31072
	2
	18928
	3
	3392
	3
	-12144
	4
	-27680
	5
	22320
	6
	6784
	9
	10176
	13
	-17504
	15
	16960
	15
	16960
	16
	-14112
	16
	-14112
	16
	-14112
	18
	20352
	18
	20352
	18
	20352
	18
	20352
	19
	-10720
	19
	-10720
	19
	-10720
	19
	-10720
	21
	23744
	21
	23744
	10
}
InitialItems {
	44
	1
	200
	454
	805
	877
	0
	0
	0
	0
	0
	0
	0
	0
	0
	0
	0
	0
	0
	0
}
list3 {
	1031
	2830
	4887
	6943
	0
	-9005
	-9202
	-16069
	32512
	259
	0
	0
	0
	0
	1
	257
	257
	257
	257
	257
	257
	256
	0
	0
	0
	0
	0
	0
	0
	0
	0
	0
	0
	0
	0
	256
	0
	0
	257
	0
	0
	257
	0
	0
	257
	0
	0
	257
	0
	0
	257
	0
	0
	257
	0
	0
	0
	0
	0
	0
	0
	0
	0
	0
	0
	0
	0
	0
	0
	0
	0
	0
	0
	0
	0
}
}


// crusader
{
id: 0
field_0x2: 0
sneakAttack: 0
majorWound: 3
detectSecret: 1
acrobaticAct: 5
detectTrap: 1
disableTrap: 0
unknown: 0
forceLock: 10
unknown2: 0
pickLock: 0
unknown3: 0
turnUndead: -9
list1 {
	0
	0
	0
	0
	0
	1
	0
	0
	0
	2
	0
	0
	0
	3
	10
	5
	5
	5
	-5
	5
	-10
	0
	1
	-1
	1
	-1
	1
	0
	0
	0
	0
	1
	7
	4
	0
	0
	0
	0
	0
	0
	11
	23
	8
	22
	12
	25
	5
	23
	8
	25
	3
	25
	0
	0
	0
	0
	1
	0
	0
	0
	0
	0
	0
	0
	0
	0
	0
	0
	0
	0
	0
	0
	0
	0
	0
	0
	0
	0
	0
	0
	0
	0
	0
	0
	0
	0
	0
	0
	0
	0
	0
	0
	0
	0
	15
	10
	16
	25
	5
	2
	5
	5
	0
	0
	3
	0
	0
	257
	0
	0
}
creatorCodeId: 7
age: 1
list2 {
	1
	1
	10
	99
	0
	6
	0
	4750
	0
	6750
	0
	9500
	0
	16000
	0
	25000
	0
	-15536
	1
	14464
	2
	-21608
	5
	22320
	6
	-8752
	8
	25712
	9
	-5360
	11
	29104
	12
	13568
	13
	-17504
	15
	16959
	15
	16959
	15
	16959
	15
	16959
	15
	16959
	15
	16959
	15
	16959
	15
	16959
	15
	16959
	15
	16959
	15
	16959
	15
	16959
	15
	16959
	15
	16959
	15
	16959
	5
}
InitialItems {
	10
	418
	400
	453
	455
	215
	1
	877
	805
	0
	0
	0
	0
	0
	0
	0
	0
	0
	0
	0
}
list3 {
	1548
	4632
	7716
	10800
	0
	-32
	8191
	-99
	32640
	307
	1
	0
	257
	0
	0
	257
	0
	0
	0
	0
	0
	0
	0
	0
	0
	0
	0
	0
	0
	0
	0
	0
	0
	0
	0
	0
	0
	0
	0
	0
	0
	0
	0
	0
	0
	0
	0
	0
	0
	0
	0
	0
	0
	0
	0
	0
	0
	0
	0
	0
	0
	0
	0
	256
	0
	0
	1
	0
	0
	3
	25
	3
	25
	3
	25
}
}


// Archer
{
id: 0
field_0x2: 0
sneakAttack: 0
majorWound: 3
detectSecret: 1
acrobaticAct: 4
detectTrap: 1
disableTrap: 0
unknown: 0
forceLock: 8
unknown2: 0
pickLock: 0
unknown3: 0
turnUndead: 0
list1 {
	0
	0
	0
	0
	0
	0
	0
	0
	0
	1
	0
	0
	0
	0
	-10
	-5
	-5
	-5
	-5
	-5
	-5
	0
	-2
	0
	0
	2
	0
	0
	1
	15
	2
	0
	0
	0
	0
	0
	0
	0
	0
	0
	12
	22
	6
	22
	7
	22
	14
	25
	8
	25
	3
	25
	0
	0
	0
	0
	0
	0
	0
	0
	10
	0
	0
	0
	0
	0
	0
	0
	0
	0
	0
	0
	0
	0
	0
	0
	0
	0
	0
	0
	0
	0
	0
	0
	0
	0
	0
	0
	0
	0
	0
	0
	1
	1
	12
	8
	16
	20
	6
	3
	4
	4
	15
	5
	2
	0
	0
	0
	1
	257
}
creatorCodeId: 3
age: 1
list2 {
	-2
	1
	5
	99
	0
	6
	0
	2000
	0
	3250
	0
	5500
	0
	10000
	0
	20000
	0
	30000
	0
	-20536
	1
	19464
	2
	18928
	3
	28392
	4
	-2680
	6
	6784
	7
	16248
	8
	-14824
	10
	19640
	11
	-11432
	12
	-26968
	12
	-1968
	13
	23032
	13
	-17504
	14
	7496
	14
	32496
	14
	-8040
	15
	16959
	15
	16959
	15
	16959
	15
	16959
	15
	16959
	15
	16959
	15
	16959
	50
}
InitialItems {
	470
	104
	450
	452
	454
	209
	1
	805
	877
	0
	0
	0
	0
	0
	0
	0
	0
	0
	0
	0
}
list3 {
	1291
	4375
	7459
	10543
	0
	-9201
	-114
	-1541
	32512
	272
	1
	0
	0
	0
	0
	0
	0
	0
	0
	0
	0
	0
	0
	0
	0
	0
	0
	0
	0
	0
	0
	0
	0
	0
	0
	0
	0
	0
	0
	0
	0
	0
	0
	0
	256
	0
	0
	1
	0
	0
	3
	25
	3
	25
	3
	25
	3
	25
	3
	25
	3
	25
	0
	0
	0
	0
	0
	0
	0
	0
	0
	0
	0
	0
	0
}
}


// Rogue
{
id: 2
field_0x2: 0
sneakAttack: 0
majorWound: 0
detectSecret: 15
acrobaticAct: 8
detectTrap: 8
disableTrap: 5
unknown: 0
forceLock: 0
unknown2: 0
pickLock: 5
unknown3: 0
turnUndead: 0
list1 {
	1
	0
	0
	0
	3
	3
	2
	3
	0
	0
	0
	3
	0
	0
	-20
	-5
	-5
	5
	-5
	-10
	15
	0
	-2
	1
	-2
	3
	-1
	0
	1
	15
	3
	0
	0
	0
	0
	0
	0
	0
	2
	0
	5
	20
	5
	23
	4
	20
	12
	25
	5
	23
	8
	25
	0
	0
	0
	0
	0
	0
	0
	0
	0
	0
	0
	0
	0
	0
	0
	0
	0
	0
	0
	0
	0
	0
	0
	0
	8
	0
	0
	0
	0
	0
	0
	0
	0
	0
	0
	0
	0
	0
	0
	0
	1
	0
	10
	8
	16
	23
	5
	3
	5
	3
	3
	3
	3
	0
	0
	0
	0
	0
}
creatorCodeId: 2
age: 1
list2 {
	2
	1
	-5
	99
	0
	6
	0
	1550
	0
	2750
	0
	4500
	0
	8000
	0
	12000
	0
	22500
	0
	-30536
	0
	-15536
	1
	9464
	1
	-31072
	2
	18928
	3
	3392
	3
	-12144
	4
	-2680
	6
	6784
	7
	-24288
	9
	10176
	10
	-20896
	12
	13568
	12
	13568
	12
	13568
	13
	-17504
	13
	-17504
	13
	-17504
	15
	16959
	15
	16959
	15
	16959
	15
	16959
	15
	16959
	15
	16959
	300
}
InitialItems {
	144
	31
	1
	451
	454
	209
	805
	877
	0
	0
	0
	0
	0
	0
	0
	0
	0
	0
	0
	0
}
list3 {
	1031
	2830
	4887
	6943
	0
	-9061
	-146
	-3717
	-128
	283
	1
	0
	0
	0
	0
	0
	0
	0
	0
	0
	0
	0
	0
	0
	0
	256
	0
	0
	1
	0
	0
	3
	25
	3
	25
	3
	25
	3
	25
	3
	25
	3
	25
	0
	0
	0
	0
	0
	0
	0
	0
	0
	0
	0
	0
	0
	0
	0
	0
	0
	0
	0
	0
	0
	0
	0
	0
	0
	0
	0
	0
	0
	0
	0
	0
}
}


// Sorcerer
{
id: 0
field_0x2: 0
sneakAttack: 0
majorWound: 0
detectSecret: 5
acrobaticAct: 2
detectTrap: 5
disableTrap: 5
unknown: 0
forceLock: 0
unknown2: 0
pickLock: 0
unknown3: 0
turnUndead: 0
list1 {
	0
	0
	0
	0
	2
	0
	0
	0
	0
	0
	0
	0
	0
	0
	10
	-5
	-5
	5
	-10
	5
	10
	0
	-2
	2
	1
	1
	-2
	0
	1
	1
	7
	0
	0
	0
	0
	0
	0
	0
	0
	0
	4
	19
	8
	25
	5
	25
	5
	24
	5
	20
	3
	25
	0
	0
	0
	0
	0
	0
	0
	0
	0
	0
	0
	0
	0
	0
	0
	0
	0
	0
	0
	0
	0
	0
	0
	0
	0
	0
	0
	0
	0
	0
	0
	0
	0
	0
	0
	25
	0
	0
	0
	0
	1
	0
	8
	6
	17
	19
	3
	1
	2
	2
	3
	1
	2
	0
	257
	0
	0
	0
}
creatorCodeId: 4
age: 2
list2 {
	-2
	2
	-5
	3
	0
	2
	0
	3500
	0
	6500
	0
	12500
	0
	25500
	0
	-23536
	1
	19464
	2
	18928
	3
	-12144
	5
	22320
	6
	-8752
	9
	10176
	11
	29104
	13
	-17504
	15
	16959
	15
	16959
	15
	16959
	15
	16959
	15
	16959
	15
	16959
	15
	16959
	15
	16959
	15
	16959
	15
	16959
	15
	16959
	15
	16959
	15
	16959
	15
	16959
	15
	16959
	15
	16959
	15
	16959
	200
}
InitialItems {
	1
	200
	454
	805
	877
	0
	0
	0
	0
	0
	0
	0
	0
	0
	0
	0
	0
	0
	0
	0
}
list3 {
	3840
	0
	0
	0
	0
	4227
	7180
	-16127
	-128
	265
	2
	0
	3
	25
	3
	25
	3
	25
	3
	25
	3
	25
	3
	25
	0
	0
	0
	0
	0
	0
	0
	0
	0
	0
	0
	0
	0
	0
	0
	0
	0
	0
	0
	0
	0
	0
	0
	0
	0
	0
	0
	0
	0
	0
	0
	0
	0
	0
	0
	0
	0
	0
	0
	0
	0
	0
	0
	0
	0
	0
	0
	0
	0
	0
	0
}
}


// Priest
{
id: 0
field_0x2: 0
sneakAttack: 0
majorWound: 0
detectSecret: 5
acrobaticAct: 2
detectTrap: 5
disableTrap: 2
unknown: 0
forceLock: 10
unknown2: 0
pickLock: 0
unknown3: 0
turnUndead: 5
list1 {
	0
	0
	0
	0
	2
	0
	0
	0
	0
	1
	0
	0
	0
	5
	15
	-5
	5
	0
	5
	5
	-5
	0
	-1
	1
	2
	-1
	0
	0
	0
	0
	0
	1
	1
	7
	0
	0
	0
	0
	0
	0
	5
	23
	5
	23
	8
	25
	4
	22
	5
	24
	3
	25
	0
	0
	0
	0
	10
	0
	0
	0
	0
	0
	0
	0
	0
	0
	0
	0
	0
	0
	0
	0
	0
	0
	25
	0
	0
	0
	0
	0
	0
	0
	0
	0
	0
	0
	0
	0
	0
	0
	0
	0
	1
	0
	12
	8
	16
	18
	4
	2
	4
	4
	3
	2
	2
	0
	256
	0
	0
	0
}
creatorCodeId: 5
age: 2
list2 {
	-1
	2
	5
	3
	0
	3
	0
	3500
	0
	6500
	0
	10000
	0
	17000
	0
	24500
	0
	-28036
	1
	9464
	1
	-11072
	3
	3392
	4
	-27680
	6
	-8752
	9
	10176
	12
	13568
	15
	16959
	15
	16959
	15
	16959
	15
	16959
	15
	16959
	15
	16959
	15
	16959
	15
	16959
	15
	16959
	15
	16959
	15
	16959
	15
	16959
	15
	16959
	15
	16959
	15
	16959
	15
	16959
	15
	16959
	50
}
InitialItems {
	37
	418
	400
	452
	454
	215
	805
	877
	0
	0
	0
	0
	0
	0
	0
	0
	0
	0
	0
	0
}
list3 {
	2580
	0
	0
	0
	0
	-8063
	24575
	-47
	-128
	296
	2
	0
	0
	0
	0
	0
	0
	0
	0
	0
	0
	0
	0
	0
	0
	0
	0
	0
	0
	0
	0
	0
	0
	0
	0
	0
	0
	0
	0
	0
	0
	0
	0
	0
	0
	0
	0
	0
	0
	0
	0
	0
	0
	0
	0
	0
	0
	0
	0
	0
	0
	0
	0
	18
	30
	0
	0
	0
	0
	0
	2
	0
	0
	0
	0
}
}



// Enchanter
{
id: 0
field_0x2: 0
sneakAttack: 0
majorWound: 0
detectSecret: 5
acrobaticAct: 2
detectTrap: 5
disableTrap: 5
unknown: 0
forceLock: 0
unknown2: 0
pickLock: 0
unknown3: 0
turnUndead: 0
list1 {
	0
	0
	0
	0
	2
	0
	0
	0
	0
	0
	0
	0
	0
	0
	10
	-5
	-5
	-5
	-10
	5
	10
	0
	-2
	1
	2
	1
	-3
	0
	0
	0
	0
	0
	0
	0
	1
	1
	7
	256
	0
	1
	4
	19
	8
	25
	5
	25
	5
	25
	5
	19
	3
	25
	0
	0
	0
	0
	0
	0
	0
	0
	0
	0
	0
	0
	0
	0
	0
	0
	0
	0
	0
	0
	0
	0
	0
	0
	0
	0
	0
	0
	0
	0
	0
	0
	0
	25
	0
	0
	0
	0
	0
	0
	1
	0
	8
	6
	17
	19
	3
	1
	2
	2
	3
	1
	2
	0
	0
	257
	0
	0
}
creatorCodeId: 6
age: 2
list2 {
	-2
	2
	-5
	3
	0
	2
	0
	3500
	0
	6500
	0
	12500
	0
	25500
	0
	-23536
	1
	19464
	2
	18928
	3
	-12144
	5
	22320
	6
	-8752
	9
	10176
	11
	29104
	13
	-17504
	15
	16959
	15
	16959
	15
	16959
	15
	16959
	15
	16959
	15
	16959
	15
	16959
	15
	16959
	15
	16959
	15
	16959
	15
	16959
	15
	16959
	15
	16959
	15
	16959
	15
	16959
	15
	16959
	15
	16959
	200
}
InitialItems {
	1
	454
	200
	877
	805
	0
	0
	0
	0
	0
	0
	0
	0
	0
	0
	0
	0
	0
	0
	0
}
list3 {
	5120
	0
	0
	0
	0
	-28541
	7180
	-7935
	-128
	299
	2
	0
	0
	0
	0
	0
	0
	0
	0
	0
	0
	0
	0
	0
	0
	0
	0
	0
	0
	0
	0
	0
	0
	0
	0
	0
	0
	0
	0
	0
	0
	0
	0
	0
	18
	30
	0
	0
	0
	0
	0
	2
	0
	0
	0
	0
	0
	1
	256
	0
	0
	0
	0
	0
	0
	0
	0
	0
	0
	0
	0
	0
	0
	0
	0
}
}


// Evoker
{
id: 0
field_0x2: 0
sneakAttack: 0
majorWound: 0
detectSecret: 10
acrobaticAct: 2
detectTrap: 5
disableTrap: 5
unknown: 0
forceLock: 0
unknown2: 0
pickLock: 0
unknown3: 0
turnUndead: 0
list1 {
	0
	0
	0
	0
	1
	0
	0
	0
	0
	0
	0
	0
	0
	0
	15
	-5
	-5
	-5
	-5
	5
	15
	0
	-2
	0
	3
	-1
	-2
	0
	0
	0
	0
	0
	0
	0
	1
	1
	7
	1
	257
	257
	4
	18
	12
	23
	6
	25
	8
	23
	5
	20
	3
	25
	0
	0
	0
	0
	0
	0
	0
	0
	0
	0
	0
	0
	0
	0
	0
	0
	15
	25
	35
	0
	0
	0
	0
	0
	0
	0
	0
	0
	0
	0
	0
	0
	0
	0
	0
	0
	0
	0
	0
	0
	0
	0
	8
	4
	18
	19
	2
	1
	2
	2
	0
	0
	1
	0
	0
	0
	0
	0
}
creatorCodeId: 6
age: 3
list2 {
	-3
	2
	-10
	2
	1
	3
	0
	4500
	0
	9500
	0
	20500
	0
	-20036
	0
	-3536
	1
	-26072
	2
	-26608
	4
	17856
	5
	-3216
	7
	-24288
	9
	-5360
	12
	13568
	15
	16959
	15
	16959
	15
	16959
	15
	16959
	15
	16959
	15
	16959
	18
	20352
	18
	20352
	18
	20352
	18
	20352
	18
	20352
	18
	20352
	18
	20352
	18
	20352
	18
	20352
	18
	20352
	18
	20352
	19
	4816
	300
}
InitialItems {
	1
	454
	200
	451
	805
	877
	0
	0
	0
	0
	0
	0
	0
	0
	0
	0
	0
	0
	0
	0
}
list3 {
	4377
	0
	0
	0
	0
	4224
	7180
	-16127
	-128
	267
	3
	0
	0
	0
	0
	0
	0
	0
	0
	0
	0
	0
	0
	0
	0
	18
	30
	0
	0
	0
	0
	0
	2
	0
	0
	0
	0
	0
	1
	256
	0
	0
	0
	0
	0
	0
	0
	0
	0
	0
	0
	0
	0
	0
	0
	0
	0
	0
	0
	1
	256
	0
	0
	257
	0
	0
	0
	0
	0
	0
	0
	0
	0
	0
	0
}
}


// Cardinal
{
id: 0
field_0x2: 0
sneakAttack: 0
majorWound: 0
detectSecret: 10
acrobaticAct: 2
detectTrap: 5
disableTrap: 3
unknown: 0
forceLock: 0
unknown2: 0
pickLock: 0
unknown3: 0
turnUndead: 15
list1 {
	0
	0
	0
	0
	1
	0
	0
	0
	0
	0
	0
	0
	0
	3
	20
	5
	5
	5
	-10
	10
	-15
	0
	-1
	1
	3
	-2
	-1
	0
	0
	0
	0
	1
	1
	7
	0
	0
	0
	0
	0
	0
	5
	19
	7
	25
	14
	25
	4
	20
	5
	22
	3
	25
	0
	0
	0
	0
	8
	0
	0
	0
	0
	0
	0
	0
	0
	0
	0
	0
	0
	0
	0
	0
	0
	0
	15
	0
	0
	0
	0
	0
	0
	0
	0
	0
	0
	0
	0
	0
	0
	0
	0
	0
	0
	0
	10
	6
	18
	19
	3
	1
	3
	3
	0
	0
	1
	0
	0
	0
	0
	0
}
creatorCodeId: 5
age: 3
list2 {
	-3
	2
	-5
	2
	1
	4
	0
	4500
	0
	9500
	0
	20500
	0
	-20036
	0
	-3536
	1
	-26072
	2
	-26608
	4
	17856
	5
	-3216
	7
	-24288
	9
	-5360
	12
	13568
	15
	16959
	15
	16959
	15
	16959
	15
	16959
	15
	16959
	15
	16959
	18
	20352
	18
	20352
	18
	20352
	18
	20352
	18
	20352
	18
	20352
	18
	20352
	18
	20352
	18
	20352
	18
	20352
	18
	20352
	19
	4816
	100
}
InitialItems {
	37
	454
	215
	451
	805
	877
	0
	0
	0
	0
	0
	0
	0
	0
	0
	0
	0
	0
	0
	0
}
list3 {
	3865
	9005
	0
	0
	0
	-8064
	8047
	-1583
	-128
	270
	3
	0
	0
	2
	0
	0
	0
	0
	0
	1
	256
	0
	0
	0
	0
	0
	0
	0
	0
	0
	0
	0
	0
	0
	0
	0
	0
	0
	0
	0
	1
	256
	0
	0
	257
	0
	0
	0
	0
	0
	0
	0
	0
	0
	0
	0
	0
	0
	0
	0
	0
	0
	0
	0
	1
	257
	0
	0
	256
	256
	0
	1
	257
	0
	0
}
}


// Cabalist
{
id: 0
field_0x2: 0
sneakAttack: 0
majorWound: 0
detectSecret: 10
acrobaticAct: 2
detectTrap: 5
disableTrap: 5
unknown: 0
forceLock: 0
unknown2: 0
pickLock: 0
unknown3: 0
turnUndead: 0
list1 {
	0
	0
	0
	0
	1
	0
	0
	0
	0
	0
	0
	0
	0
	0
	10
	-5
	-5
	-5
	-5
	10
	20
	0
	-2
	3
	0
	-2
	-1
	0
	1
	1
	7
	0
	0
	0
	0
	0
	0
	0
	0
	0
	4
	20
	13
	25
	6
	24
	5
	21
	5
	22
	3
	25
	0
	0
	0
	0
	0
	0
	0
	0
	0
	0
	0
	0
	0
	0
	0
	0
	10
	20
	30
	0
	0
	0
	0
	0
	0
	0
	0
	0
	0
	0
	0
	0
	0
	0
	0
	0
	0
	0
	0
	0
	0
	0
	8
	4
	18
	19
	2
	1
	2
	2
	0
	0
	1
	0
	0
	0
	0
	0
}
creatorCodeId: 4
age: 3
list2 {
	-3
	2
	-10
	2
	1
	3
	0
	4500
	0
	9500
	0
	20500
	0
	-20036
	0
	-3536
	1
	-26072
	2
	-26608
	4
	17856
	5
	-3216
	7
	-24288
	9
	-5360
	12
	13568
	15
	16959
	15
	16959
	15
	16959
	15
	16959
	15
	16959
	15
	16959
	18
	20352
	18
	20352
	18
	20352
	18
	20352
	18
	20352
	18
	20352
	18
	20352
	18
	20352
	18
	20352
	18
	20352
	18
	20352
	19
	4816
	300
}
InitialItems {
	1
	454
	200
	451
	805
	877
	0
	0
	0
	0
	0
	0
	0
	0
	0
	0
	0
	0
	0
	0
}
list3 {
	6435
	0
	0
	0
	0
	4096
	3084
	-16127
	-128
	362
	3
	0
	0
	0
	0
	0
	0
	0
	0
	0
	0
	1
	256
	0
	0
	257
	0
	0
	0
	0
	0
	0
	0
	0
	0
	0
	0
	0
	0
	0
	0
	0
	0
	0
	0
	1
	257
	0
	0
	256
	256
	0
	1
	257
	0
	0
	0
	0
	0
	0
	0
	0
	0
	0
	0
	0
	1
	257
	0
	1
	257
	257
	0
	257
	257
}
}


// Berzerker
{
id: 0
field_0x2: 0
sneakAttack: 0
majorWound: 8
detectSecret: 1
acrobaticAct: 6
detectTrap: 1
disableTrap: 0
unknown: 0
forceLock: 15
unknown2: 0
pickLock: 0
unknown3: 0
turnUndead: 0
list1 {
	0
	0
	0
	1
	0
	2
	0
	0
	0
	2
	0
	0
	0
	0
	20
	10
	10
	10
	10
	-25
	-15
	0
	3
	-2
	-3
	-1
	1
	0
	0
	0
	0
	0
	0
	0
	0
	0
	0
	257
	0
	0
	11
	24
	4
	18
	4
	18
	7
	23
	9
	23
	3
	25
	0
	0
	0
	0
	0
	0
	0
	0
	0
	0
	0
	1
	0
	0
	0
	0
	0
	0
	0
	0
	0
	0
	0
	0
	0
	0
	0
	0
	0
	0
	0
	0
	0
	0
	0
	0
	0
	0
	0
	0
	0
	0
	20
	8
	16
	25
	0
	0
	10
	4
	0
	0
	6
	0
	25
	3
	25
	0
}
creatorCodeId: 1
age: 1
list2 {
	4
	1
	15
	99
	2
	5
	0
	4750
	0
	6750
	0
	9500
	0
	16000
	0
	25000
	0
	-15536
	1
	14464
	2
	-21608
	5
	22320
	6
	-8752
	8
	25712
	9
	-5360
	11
	29104
	12
	13568
	13
	-17504
	15
	16960
	16
	-14112
	18
	20352
	19
	-10720
	21
	23744
	22
	-7328
	22
	-7328
	22
	-7328
	22
	-7328
	22
	-7328
	22
	-7328
	22
	-7328
	22
	-7328
	22
	-7328
	22
	-7328
	10
}
InitialItems {
	92
	1
	209
	452
	454
	805
	877
	0
	0
	0
	0
	0
	0
	0
	0
	0
	0
	0
	0
	0
}
list3 {
	1032
	3088
	5144
	0
	0
	-32
	8175
	-7779
	32512
	361
	0
	0
	0
	0
	0
	0
	0
	0
	0
	0
	0
	0
	0
	0
	0
	0
	1
	257
	0
	0
	256
	256
	0
	1
	257
	0
	0
	0
	0
	0
	0
	0
	0
	0
	0
	0
	0
	1
	257
	0
	1
	257
	257
	0
	257
	257
	256
	1
	257
	257
	0
	1
	257
	0
	0
	0
	0
	0
	0
	0
	0
	0
	0
	0
	1
}
}


// Bard
{
id: 10
field_0x2: 0
sneakAttack: 0
majorWound: 0
detectSecret: 25
acrobaticAct: 10
detectTrap: 20
disableTrap: 15
unknown: 0
forceLock: 0
unknown2: 0
pickLock: 20
unknown3: 0
turnUndead: 0
list1 {
	0
	0
	0
	0
	1
	2
	1
	1
	0
	0
	0
	1
	0
	0
	-15
	-5
	-5
	-5
	-5
	5
	15
	0
	-1
	1
	1
	2
	-2
	0
	1
	20
	3
	0
	0
	0
	0
	0
	0
	0
	0
	0
	7
	22
	8
	23
	8
	23
	9
	25
	5
	21
	8
	25
	0
	0
	0
	0
	0
	0
	0
	0
	0
	0
	0
	0
	0
	0
	0
	0
	0
	0
	0
	0
	0
	0
	0
	0
	15
	0
	0
	0
	0
	0
	0
	0
	0
	0
	0
	0
	0
	0
	0
	0
	1
	0
	18
	6
	16
	21
	8
	2
	4
	4
	3
	3
	3
	0
	0
	0
	0
	0
}
creatorCodeId: 2
age: 3
list2 {
	2
	1
	5
	3
	1
	5
	0
	3250
	0
	4500
	0
	7250
	0
	12500
	0
	25000
	0
	-15536
	1
	-31072
	2
	18928
	3
	3392
	3
	-12144
	4
	-27680
	5
	22320
	6
	6784
	9
	10176
	13
	-17504
	15
	16960
	15
	16960
	15
	16960
	16
	-14112
	16
	-14112
	16
	-14112
	16
	-14112
	16
	-14112
	16
	-14112
	16
	-14112
	16
	-14112
	16
	-14112
	16
	-14112
	16
	-14112
	16
	-14112
	150
}
InitialItems {
	75
	1
	209
	451
	454
	877
	805
	0
	0
	0
	0
	0
	0
	0
	0
	0
	0
	0
	0
	0
}
list3 {
	1031
	2573
	4115
	0
	0
	-13157
	-433
	-1671
	-128
	261
	1
	256
	256
	0
	1
	257
	0
	0
	0
	0
	0
	0
	0
	0
	0
	0
	0
	0
	1
	257
	0
	1
	257
	257
	0
	257
	257
	256
	1
	257
	257
	0
	1
	257
	0
	0
	0
	0
	0
	0
	0
	0
	0
	0
	0
	1
	257
	257
	257
	257
	257
	257
	256
	0
	0
	0
	0
	0
	0
	0
	0
	0
	0
	0
	0
}
}


// Fencer
{
id: 0
field_0x2: 0
sneakAttack: 0
majorWound: 3
detectSecret: 1
acrobaticAct: 6
detectTrap: 1
disableTrap: 0
unknown: 0
forceLock: 5
unknown2: 0
pickLock: 0
unknown3: 0
turnUndead: 0
list1 {
	0
	0
	0
	2
	0
	1
	0
	0
	0
	1
	0
	0
	0
	0
	5
	5
	5
	5
	5
	5
	-10
	0
	-1
	-2
	-2
	2
	-1
	0
	0
	0
	0
	0
	0
	0
	0
	0
	0
	0
	0
	0
	12
	23
	5
	21
	6
	21
	16
	25
	8
	23
	3
	25
	0
	0
	0
	0
	0
	0
	0
	18
	0
	0
	0
	0
	0
	0
	0
	0
	0
	0
	0
	0
	0
	0
	0
	0
	0
	0
	0
	0
	0
	0
	0
	0
	0
	0
	0
	0
	0
	0
	0
	0
	0
	0
	15
	8
	17
	20
	6
	1
	15
	6
	0
	0
	2
	0
	0
	0
	0
	0
}
creatorCodeId: 1
age: 2
list2 {
	3
	1
	-10
	3
	2
	6
	0
	3250
	0
	4500
	0
	7250
	0
	12500
	0
	25000
	0
	-15536
	1
	-31072
	2
	18928
	3
	3392
	3
	-12144
	4
	-27680
	5
	22320
	6
	6784
	9
	10176
	13
	-17504
	15
	16960
	16
	-14112
	18
	20352
	19
	-10720
	19
	-10720
	19
	-10720
	19
	-10720
	19
	-10720
	19
	-10720
	19
	-10720
	19
	-10720
	19
	-10720
	19
	-10720
	19
	-10720
	19
	-10720
	50
}
InitialItems {
	71
	1
	209
	452
	454
	877
	805
	0
	0
	0
	0
	0
	0
	0
	0
	0
	0
	0
	0
	0
}
list3 {
	1031
	2573
	4115
	5632
	0
	7904
	8047
	-1655
	32512
	269
	0
	0
	1
	257
	257
	0
	257
	257
	256
	1
	257
	257
	0
	1
	257
	0
	0
	0
	0
	0
	0
	0
	0
	0
	0
	0
	1
	257
	257
	257
	257
	257
	257
	256
	0
	0
	0
	0
	0
	0
	0
	0
	0
	0
	0
	0
	0
	256
	0
	0
	257
	0
	0
	257
	0
	0
	257
	0
	0
	257
	0
	0
	257
	0
	0
}
}


// Marksman
{
id: 0
field_0x2: 0
sneakAttack: 0
majorWound: 4
detectSecret: 1
acrobaticAct: 3
detectTrap: 1
disableTrap: 0
unknown: 0
forceLock: 0
unknown2: 0
pickLock: 0
unknown3: 0
turnUndead: 0
list1 {
	0
	0
	0
	0
	0
	1
	0
	0
	0
	0
	0
	0
	0
	0
	-5
	-5
	-5
	-5
	-5
	-5
	-5
	0
	1
	-1
	-1
	2
	-1
	0
	0
	0
	0
	0
	0
	0
	0
	0
	0
	1
	0
	0
	11
	23
	6
	22
	7
	22
	12
	25
	13
	23
	3
	25
	0
	0
	0
	0
	0
	0
	0
	0
	12
	0
	0
	0
	0
	0
	0
	0
	0
	0
	0
	0
	0
	0
	0
	0
	0
	0
	0
	0
	0
	0
	0
	0
	0
	0
	0
	0
	0
	0
	0
	0
	1
	1
	18
	8
	17
	21
	8
	3
	3
	3
	15
	7
	2
	0
	0
	0
	0
	0
}
creatorCodeId: 3
age: 2
list2 {
	-1
	1
	-5
	4
	1
	6
	0
	3250
	0
	4500
	0
	7250
	0
	12500
	0
	25000
	0
	-15536
	1
	-31072
	2
	18928
	3
	3392
	3
	-12144
	4
	-27680
	5
	22320
	6
	6784
	9
	10176
	13
	-17504
	15
	16960
	16
	-14112
	18
	20352
	19
	-10720
	19
	-10720
	19
	-10720
	19
	-10720
	19
	-10720
	19
	-10720
	19
	-10720
	19
	-10720
	19
	-10720
	19
	-10720
	19
	-10720
	19
	-10720
	100
}
InitialItems {
	470
	104
	1
	452
	454
	209
	805
	877
	0
	0
	0
	0
	0
	0
	0
	0
	0
	0
	0
	0
}
list3 {
	1806
	5404
	9002
	12600
	0
	-9201
	-241
	-3589
	32512
	372
	0
	0
	0
	0
	0
	0
	0
	1
	257
	257
	257
	257
	257
	257
	256
	0
	0
	0
	0
	0
	0
	0
	0
	0
	0
	0
	0
	0
	256
	0
	0
	257
	0
	0
	257
	0
	0
	257
	0
	0
	257
	0
	0
	257
	0
	0
	257
	0
	0
	0
	0
	0
	0
	0
	0
	0
	0
	0
	0
	0
	0
	0
	0
	0
	0
}
}


// Assassin
{
id: 5 // sneakAttack
field_0x2: 0
sneakAttack: 0
majorWound: 0
detectSecret: 13
acrobaticAct: 10
detectTrap: 15
disableTrap: 10
unknown: 0
forceLock: 0
unknown2: 0
pickLock: 10
unknown3: 0
turnUndead: 0
list1 {
	1 // SneakAttack Level Up
	0
	0
	0
	2 // Detect Secret Level Up
	3 // Acrobatic Act Level Up
	1 // Detect Trap Level Up
	2 // Disable Trap Level
	0 
	0
	0
	2 // Pick Lock Level Up
	0
	0
	10 // Charm adjustment
	-5 // Heat Adjustment
	-5 // Cold Adjustment
	-5 // Electric Adjustment
	10 // Chemical Adjustment
	10 // Mental Adjustment
	-5 // Magical Adjustment
	0
	-1 // Brawn Plus/Minus
	-2 // Knowledge Plus/Minus
	1  // Judgment Plus/Minus
	3 // Agility Plus/Minus
	0 // Vitality Plus/Minus
	0 // Luck Plus/Minus
	1 // ???
	15 // Starting @ Level
	3 // Max Spell Levels
	0
	0
	0
	0
	0
	0
	0
	0
	0
	5 // Brawn Min
	23 // Brawn Max
	9 // Knowledge Min
	20 // Knowledge Max
	14 // Judgment Min
	22 // Judgment Max
	16 // Agility Min
	25 // Agility Max
	5 // Vitality min
	23 // Vitality Max
	9 // Luck min
	25 // luck max
	0
	0
	0
	0
	0
	0
	0
	0
	0
	0
	0
	0
	0
	0
	0
	0
	0
	0
	0
	0
	0
	0
	0
	0
	15 // Condition gained at level 15????
	0
	0
	0
	0
	0
	0
	0
	0
	0
	0
	0
	0
	0
	0
	0
	1
	0
	10 // stamina initial
	5 // lvl up stamina
	16
	23
	5 // dodge missile initial
	3 // lvl up dodge missile
	6 // melee attack initial
	3 // melee attack lvl up
	3 // missile attack initial
	3 // missile attack lvl up
	4 // hand to hand initial
	0 // hand to hand lvl up
	0
	0
	0
	0
}
creatorCodeId: 2
age: 2
list2 {
	3 // movement points
	1 // magic resistance
	-10 // two handed adjustment
	2  // bonus attacks denominator
	1 // bonus attacks numerator
	6 // max attacks per round
	0
	3250
	0
	4500
	0
	7250
	0
	12500
	0
	25000
	0
	-15536
	1
	-31072
	2
	18928
	3
	3392
	3
	-12144
	4
	-27680
	5
	22320
	6
	6784
	9
	10176
	13
	-17504
	15
	16960
	15
	16960
	15
	16960
	16
	-14112
	16
	-14112
	16
	-14112
	16
	-14112
	18
	20352
	18
	20352
	18
	20352
	18
	20352
	19
	-10720
	19
	-10720
	19
	-10720
	19
	-10720
	400
}
InitialItems {
	1
	62
	200
	451
	454
	805
	877
	0
	0
	0
	0
	0
	0
	0
	0
	0
	0
	0
	0
	0
}
list3 {
	1031
	2830
	4887
	6943
	0
	7199
	-242
	-3805
	-128
	300
	1
	0
	0
	0
	0
	0
	0
	0
	0
	256
	0
	0
	257
	0
	0
	257
	0
	0
	257
	0
	0
	257
	0
	0
	257
	0
	0
	257
	0
	0
	0
	0
	0
	0
	0
	0
	0
	0
	0
	0
	0
	0
	0
	0
	0
	0
	0
	0
	0
	0
	0
	0
	0
	0
	0
	0
	0
	0
	0
	0
	0
	0
	0
	0
	0
}
}


// Dabbler
{
id: 0
field_0x2: 0
sneakAttack: 0
majorWound: 3
detectSecret: 3
acrobaticAct: 5
detectTrap: 2
disableTrap: 2
unknown: 0
forceLock: 5
unknown2: 0
pickLock: 0
unknown3: 0
turnUndead: 0
list1 {
	0
	0
	0
	0
	1
	1
	0
	0
	0
	1
	0
	0
	0
	0
	5
	5
	5
	5
	5
	5
	5
	0
	1
	1
	1
	-2
	-1
	0
	0
	0
	0
	0
	0
	0
	1
	5
	5
	0
	0
	0
	10
	23
	11
	23
	13
	23
	7
	21
	8
	24
	3
	25
	0
	0
	0
	0
	0
	0
	0
	0
	0
	0
	0
	0
	0
	0
	0
	0
	20
	0
	0
	0
	0
	0
	0
	0
	0
	0
	0
	0
	0
	0
	0
	0
	0
	0
	0
	0
	0
	0
	0
	0
	1
	0
	12
	8
	17
	23
	4
	2
	4
	4
	3
	2
	2
	0
	1
	256
	0
	0
}
creatorCodeId: 7
age: 2
list2 {
	1
	1
	5
	4
	0
	4
	0
	3250
	0
	4500
	0
	7250
	0
	12500
	0
	25000
	0
	-15536
	1
	-31072
	2
	18928
	3
	3392
	3
	-12144
	4
	-27680
	5
	22320
	6
	6784
	9
	10176
	13
	-17504
	15
	16959
	15
	16960
	15
	16960
	15
	16960
	16
	-14112
	16
	-14112
	16
	-14112
	16
	-14112
	18
	20352
	18
	20352
	18
	20352
	18
	20352
	18
	20352
	18
	20352
	18
	20352
	150
}
InitialItems {
	31
	1
	400
	453
	455
	418
	877
	805
	0
	0
	0
	0
	0
	0
	0
	0
	0
	0
	0
	0
}
list3 {
	1806
	5404
	9002
	0
	0
	-17
	-145
	-513
	32640
	295
	1
	0
	257
	0
	0
	257
	0
	0
	257
	0
	0
	0
	0
	0
	0
	0
	0
	0
	0
	0
	0
	0
	0
	0
	0
	0
	0
	0
	0
	0
	0
	0
	0
	0
	0
	0
	0
	0
	0
	0
	0
	0
	0
	0
	0
	0
	0
	0
	0
	0
	0
	0
	0
	0
	0
	0
	256
	0
	0
	1
	0
	0
	3
	25
	3
}
}


// Battle Mage
{
id: 0
field_0x2: 0
sneakAttack: 0
majorWound: 3
detectSecret: 3
acrobaticAct: 5
detectTrap: 2
disableTrap: 5
unknown: 0
forceLock: 5
unknown2: 0
pickLock: 0
unknown3: 0
turnUndead: 0
list1 {
	0
	0
	0
	0
	1
	1
	0
	0
	0
	1
	0
	0
	0
	0
	10
	-5
	-5
	-5
	-5
	10
	5
	0
	1
	1
	-1
	-1
	-1
	0
	1
	5
	5
	0
	0
	0
	0
	0
	0
	0
	0
	0
	12
	23
	12
	23
	14
	23
	9
	23
	10
	23
	3
	25
	0
	0
	0
	0
	0
	0
	0
	0
	0
	0
	0
	0
	0
	0
	0
	0
	15
	30
	45
	0
	0
	0
	0
	0
	0
	0
	0
	0
	0
	0
	0
	0
	0
	0
	0
	0
	0
	0
	0
	0
	1
	0
	12
	8
	18
	21
	4
	2
	4
	4
	3
	2
	2
	0
	0
	0
	0
	0
}
creatorCodeId: 7
age: 2
list2 {
	1
	1
	2
	3
	2
	3
	0
	3250
	0
	4500
	0
	7250
	0
	12500
	0
	25000
	0
	-15536
	1
	-31072
	2
	18928
	3
	3392
	3
	-12144
	4
	-27680
	5
	22320
	6
	6784
	9
	10176
	13
	-17504
	15
	16959
	15
	16960
	15
	16960
	15
	16960
	16
	-14112
	16
	-14112
	16
	-14112
	16
	-14112
	18
	20352
	18
	20352
	18
	20352
	18
	20352
	18
	20352
	18
	20352
	18
	20352
	150
}
InitialItems {
	31
	1
	400
	453
	455
	418
	877
	805
	0
	0
	0
	0
	0
	0
	0
	0
	0
	0
	0
	0
}
list3 {
	1805
	4889
	7936
	0
	0
	-8509
	-145
	-515
	32640
	317
	1
	0
	0
	0
	0
	0
	0
	0
	0
	0
	0
	0
	0
	0
	0
	0
	0
	0
	0
	0
	0
	0
	0
	0
	0
	0
	0
	0
	0
	0
	0
	0
	0
	0
	0
	0
	0
	256
	0
	0
	1
	0
	0
	3
	25
	3
	25
	3
	25
	3
	25
	3
	25
	3
	25
	0
	0
	0
	0
	0
	0
	0
	0
	0
	0
}
}


// warlock
{
id: 0
field_0x2: 0
sneakAttack: 0
majorWound: 0
detectSecret: 1
acrobaticAct: 2
detectTrap: 8
disableTrap: 10
unknown: 0
forceLock: 0
unknown2: 0
pickLock: 0
unknown3: 0
turnUndead: -21
list1 {
	0
	0
	0
	0
	2
	0
	0
	0
	0
	0
	0
	0
	0
	3
	15
	-15
	-15
	-15
	-15
	20
	25
	0
	-3
	3
	1
	-2
	-3
	0
	0
	0
	0
	0
	0
	0
	1
	1
	7
	0
	0
	0
	4
	18
	15
	25
	9
	24
	8
	20
	5
	20
	3
	25
	0
	0
	0
	0
	0
	0
	0
	0
	0
	0
	0
	0
	0
	0
	0
	0
	0
	0
	0
	0
	0
	0
	0
	0
	0
	0
	0
	0
	0
	0
	0
	0
	0
	36
	0
	18
	0
	0
	0
	0
	0
	0
	8
	4
	18
	18
	2
	1
	1
	1
	0
	0
	1
	0
	0
	0
	0
	0
}
creatorCodeId: 6
age: 3
list2 {
	-4
	3
	-15
	1
	2
	3
	0
	7000
	0
	14000
	0
	28000
	0
	-15536
	1
	-31072
	1
	-11072
	4
	-27680
	6
	-8752
	9
	-5360
	13
	-17504
	18
	20352
	18
	20352
	18
	20352
	18
	20352
	18
	20352
	19
	-10720
	19
	-10720
	19
	-10720
	19
	-10720
	19
	-10720
	19
	-10720
	19
	-10720
	19
	-10720
	19
	-10720
	19
	-10720
	22
	-7328
	22
	-7328
	22
	-7328
	22
	-7328
	22
	-7328
	400
}
InitialItems {
	1
	454
	200
	451
	877
	805
	0
	0
	0
	0
	0
	0
	0
	0
	0
	0
	0
	0
	0
	0
}
list3 {
	3865
	9005
	0
	0
	0
	4096
	7180
	-16127
	-128
	329
	3
	0
	0
	0
	0
	0
	0
	0
	0
	0
	0
	0
	0
	0
	0
	0
	0
	0
	256
	0
	0
	1
	0
	0
	3
	25
	3
	25
	3
	25
	3
	25
	3
	25
	3
	25
	0
	0
	0
	0
	0
	0
	0
	0
	0
	0
	0
	0
	0
	0
	0
	0
	0
	0
	0
	0
	0
	0
	0
	0
	0
	0
	0
	0
	0
}
}


// Minstrel
{
id: 0
field_0x2: 0
sneakAttack: 0
majorWound: 4
detectSecret: 3
acrobaticAct: 3
detectTrap: 3
disableTrap: 1
unknown: 0
forceLock: 5
unknown2: 0
pickLock: 5
unknown3: 0
turnUndead: 0
list1 {
	0
	0
	0
	1
	1
	1
	1
	1
	0
	1
	0
	0
	0
	0
	15
	-5
	-5
	-5
	-5
	15
	10
	0
	-1
	2
	0
	1
	-1
	2
	0
	0
	0
	0
	0
	0
	1
	4
	4
	0
	0
	0
	9
	23
	11
	23
	13
	23
	7
	21
	8
	24
	3
	25
	0
	0
	0
	0
	0
	0
	0
	0
	0
	0
	0
	0
	0
	0
	0
	18
	9
	36
	0
	0
	0
	0
	0
	0
	0
	0
	0
	0
	0
	0
	0
	0
	27
	0
	0
	0
	0
	0
	0
	0
	1
	0
	15
	10
	18
	22
	4
	3
	5
	3
	3
	3
	8
	0
	257
	0
	1
	257
}
creatorCodeId: 7
age: 1
list2 {
	2
	2
	-5
	4
	0
	4
	0
	2500
	0
	5000
	0
	7500
	0
	10000
	0
	15000
	0
	30000
	0
	-5536
	1
	-11072
	3
	-12144
	6
	6784
	8
	25712
	9
	-5360
	11
	29104
	12
	13568
	13
	-17504
	15
	16960
	16
	-14112
	18
	20352
	19
	-10720
	21
	23744
	22
	-7328
	22
	-7328
	22
	-7328
	22
	-7328
	22
	-7328
	22
	-7328
	22
	-7328
	22
	-7328
	22
	-7328
	22
	-7328
	700
}
InitialItems {
	10
	209
	250
	418
	454
	754
	883
	877
	0
	0
	0
	0
	0
	0
	0
	0
	0
	0
	0
	0
}
list3 {
	1032
	3088
	5144
	0
	0
	-357
	-16530
	-1541
	32642
	257
	1
	0
	1
	0
	0
	3
	25
	3
	25
	3
	25
	3
	25
	3
	25
	3
	25
	0
	0
	0
	0
	0
	0
	0
	0
	0
	0
	0
	0
	0
	0
	0
	0
	0
	0
	0
	0
	0
	0
	0
	0
	0
	0
	0
	0
	0
	0
	0
	0
	0
	0
	0
	0
	0
	0
	0
	0
	0
	0
	0
	0
	0
	0
	0
	0
}
}



{
id: 0
field_0x2: 0
sneakAttack: 0
majorWound: 0
detectSecret: 0
acrobaticAct: 0
detectTrap: 0
disableTrap: 0
unknown: 0
forceLock: 0
unknown2: 0
pickLock: 0
unknown3: 0
turnUndead: 0
list1 {
	0
	0
	0
	0
	0
	0
	0
	0
	0
	0
	0
	0
	0
	0
	0
	0
	0
	0
	0
	0
	0
	0
	0
	0
	0
	0
	0
	0
	0
	0
	0
	0
	0
	0
	0
	0
	0
	0
	0
	0
	3
	25
	3
	25
	3
	25
	3
	25
	3
	25
	3
	25
	0
	0
	0
	0
	0
	0
	0
	0
	0
	0
	0
	0
	0
	0
	0
	0
	0
	0
	0
	0
	0
	0
	0
	0
	0
	0
	0
	0
	0
	0
	0
	0
	0
	0
	0
	0
	0
	0
	0
	0
	0
	0
	0
	0
	0
	0
	0
	0
	0
	0
	0
	0
	0
	0
	257
	257
	257
	256
}
creatorCodeId: 0
age: 1
list2 {
	0
	1
	0
	0
	0
	2
	0
	0
	0
	0
	0
	0
	0
	0
	0
	0
	0
	0
	0
	0
	0
	0
	0
	0
	0
	0
	0
	0
	0
	0
	0
	0
	0
	0
	0
	0
	0
	0
	0
	0
	0
	0
	0
	0
	0
	0
	0
	0
	0
	0
	0
	0
	0
	0
	0
	0
	0
	0
	0
	0
	0
	0
	0
	0
	0
	0
	0
}
InitialItems {
	0
	0
	0
	0
	0
	0
	0
	0
	0
	0
	0
	0
	0
	0
	0
	0
	0
	0
	0
	0
}
list3 {
	0
	0
	0
	0
	0
	0
	0
	0
	0
	0
	0
	0
	0
	0
	0
	0
	0
	0
	0
	0
	0
	0
	0
	0
	0
	0
	0
	0
	0
	0
	0
	0
	0
	0
	0
	0
	0
	0
	0
	0
	0
	0
	0
	0
	0
	0
	0
	0
	0
	0
	0
	0
	0
	0
	0
	0
	0
	0
	0
	0
	0
	0
	0
	0
	0
	0
	18
	30
	0
	0
	0
	0
	0
	2
	0
}
}



{
id: 0
field_0x2: 0
sneakAttack: 0
majorWound: 0
detectSecret: 0
acrobaticAct: 0
detectTrap: 0
disableTrap: 0
unknown: 0
forceLock: 0
unknown2: 0
pickLock: 0
unknown3: 0
turnUndead: 0
list1 {
	0
	0
	0
	0
	0
	0
	0
	0
	0
	0
	0
	0
	0
	0
	0
	0
	0
	0
	0
	0
	0
	0
	0
	0
	0
	0
	0
	0
	0
	0
	0
	0
	0
	0
	0
	0
	0
	0
	0
	256
	3
	25
	3
	25
	3
	25
	3
	25
	3
	25
	3
	25
	0
	0
	0
	0
	0
	0
	0
	0
	0
	0
	0
	0
	0
	0
	0
	0
	0
	0
	0
	0
	0
	0
	0
	0
	0
	0
	0
	0
	0
	0
	0
	0
	0
	0
	0
	0
	0
	0
	0
	0
	0
	0
	0
	0
	0
	0
	0
	0
	0
	0
	0
	0
	0
	0
	0
	257
	0
	0
}
creatorCodeId: 0
age: 1
list2 {
	0
	1
	0
	0
	0
	2
	0
	0
	0
	0
	0
	0
	0
	0
	0
	0
	0
	0
	0
	0
	0
	0
	0
	0
	0
	0
	0
	0
	0
	0
	0
	0
	0
	0
	0
	0
	0
	0
	0
	0
	0
	0
	0
	0
	0
	0
	0
	0
	0
	0
	0
	0
	0
	0
	0
	0
	0
	0
	0
	0
	0
	0
	0
	0
	0
	0
	0
}
InitialItems {
	0
	0
	0
	0
	0
	0
	0
	0
	0
	0
	0
	0
	0
	0
	0
	0
	0
	0
	0
	0
}
list3 {
	0
	0
	0
	0
	0
	0
	0
	0
	0
	0
	0
	0
	0
	0
	0
	0
	0
	0
	0
	0
	0
	0
	0
	0
	0
	0
	0
	0
	0
	0
	0
	0
	0
	0
	0
	0
	0
	0
	0
	0
	0
	0
	0
	0
	0
	0
	0
	18
	30
	0
	0
	0
	0
	0
	2
	0
	0
	0
	0
	0
	1
	256
	0
	0
	0
	0
	0
	0
	0
	0
	0
	0
	0
	0
	0
}
}



{
id: 0
field_0x2: 0
sneakAttack: 0
majorWound: 0
detectSecret: 0
acrobaticAct: 0
detectTrap: 0
disableTrap: 0
unknown: 0
forceLock: 0
unknown2: 0
pickLock: 0
unknown3: 0
turnUndead: 0
list1 {
	0
	0
	0
	0
	0
	0
	0
	0
	0
	0
	0
	0
	0
	0
	0
	0
	0
	0
	0
	0
	0
	0
	0
	0
	0
	0
	0
	0
	0
	0
	0
	0
	0
	0
	0
	0
	0
	1
	257
	0
	3
	25
	3
	25
	3
	25
	3
	25
	3
	25
	3
	25
	0
	0
	0
	0
	0
	0
	0
	0
	0
	0
	0
	0
	0
	0
	0
	0
	0
	0
	0
	0
	0
	0
	0
	0
	0
	0
	0
	0
	0
	0
	0
	0
	0
	0
	0
	0
	0
	0
	0
	0
	0
	0
	0
	0
	0
	0
	0
	0
	0
	0
	0
	0
	0
	0
	0
	0
	0
	0
}
creatorCodeId: 0
age: 1
list2 {
	0
	1
	0
	0
	0
	2
	0
	0
	0
	0
	0
	0
	0
	0
	0
	0
	0
	0
	0
	0
	0
	0
	0
	0
	0
	0
	0
	0
	0
	0
	0
	0
	0
	0
	0
	0
	0
	0
	0
	0
	0
	0
	0
	0
	0
	0
	0
	0
	0
	0
	0
	0
	0
	0
	0
	0
	0
	0
	0
	0
	0
	0
	0
	0
	0
	0
	0
}
InitialItems {
	0
	0
	0
	0
	0
	0
	0
	0
	0
	0
	0
	0
	0
	0
	0
	0
	0
	0
	0
	0
}
list3 {
	0
	0
	0
	0
	0
	0
	0
	0
	0
	0
	0
	0
	0
	0
	0
	0
	0
	0
	0
	0
	0
	0
	0
	0
	0
	0
	0
	0
	18
	30
	0
	0
	0
	0
	0
	2
	0
	0
	0
	0
	0
	1
	256
	0
	0
	0
	0
	0
	0
	0
	0
	0
	0
	0
	0
	0
	0
	0
	0
	0
	0
	0
	1
	256
	0
	0
	257
	0
	0
	0
	0
	0
	0
	0
	0
}
}



{
id: 0
field_0x2: 0
sneakAttack: 0
majorWound: 0
detectSecret: 0
acrobaticAct: 0
detectTrap: 0
disableTrap: 0
unknown: 0
forceLock: 0
unknown2: 0
pickLock: 0
unknown3: 0
turnUndead: 0
list1 {
	0
	0
	0
	0
	0
	0
	0
	0
	0
	0
	0
	0
	0
	0
	0
	0
	0
	0
	0
	0
	0
	0
	0
	0
	0
	0
	0
	0
	0
	0
	0
	0
	0
	0
	0
	0
	0
	0
	0
	0
	3
	25
	3
	25
	3
	25
	3
	25
	3
	25
	3
	25
	0
	0
	0
	0
	0
	0
	0
	0
	0
	0
	0
	0
	0
	0
	0
	0
	0
	0
	0
	0
	0
	0
	0
	0
	0
	0
	0
	0
	0
	0
	0
	0
	0
	0
	0
	0
	0
	0
	0
	0
	0
	0
	0
	0
	0
	0
	0
	0
	0
	0
	0
	0
	0
	0
	0
	0
	0
	0
}
creatorCodeId: 0
age: 1
list2 {
	0
	1
	0
	0
	0
	2
	0
	0
	0
	0
	0
	0
	0
	0
	0
	0
	0
	0
	0
	0
	0
	0
	0
	0
	0
	0
	0
	0
	0
	0
	0
	0
	0
	0
	0
	0
	0
	0
	0
	0
	0
	0
	0
	0
	0
	0
	0
	0
	0
	0
	0
	0
	0
	0
	0
	0
	0
	0
	0
	0
	0
	0
	0
	0
	0
	0
	0
}
InitialItems {
	0
	0
	0
	0
	0
	0
	0
	0
	0
	0
	0
	0
	0
	0
	0
	0
	0
	0
	0
	0
}
list3 {
	0
	0
	0
	0
	0
	0
	0
	0
	0
	18
	30
	0
	0
	0
	0
	0
	2
	0
	0
	0
	0
	0
	1
	256
	0
	0
	0
	0
	0
	0
	0
	0
	0
	0
	0
	0
	0
	0
	0
	0
	0
	0
	0
	1
	256
	0
	0
	257
	0
	0
	0
	0
	0
	0
	0
	0
	0
	0
	0
	0
	0
	0
	0
	0
	0
	0
	0
	1
	257
	0
	0
	256
	256
	0
	1
}
}



{
id: 0
field_0x2: 0
sneakAttack: 0
majorWound: 0
detectSecret: 0
acrobaticAct: 0
detectTrap: 0
disableTrap: 0
unknown: 0
forceLock: 0
unknown2: 0
pickLock: 0
unknown3: 0
turnUndead: 0
list1 {
	0
	0
	0
	0
	0
	0
	0
	0
	0
	0
	0
	0
	0
	0
	0
	0
	0
	0
	0
	0
	0
	0
	0
	0
	0
	0
	0
	0
	0
	0
	0
	0
	0
	0
	0
	0
	0
	0
	0
	0
	3
	25
	3
	25
	3
	25
	3
	25
	3
	25
	3
	25
	0
	0
	0
	0
	0
	0
	0
	0
	0
	0
	0
	0
	0
	0
	0
	0
	0
	0
	0
	0
	0
	0
	0
	0
	0
	0
	0
	0
	0
	0
	0
	0
	0
	0
	0
	0
	0
	0
	0
	0
	0
	0
	0
	0
	0
	0
	0
	0
	0
	0
	0
	0
	0
	0
	0
	0
	0
	0
}
creatorCodeId: 0
age: 1
list2 {
	0
	1
	0
	0
	0
	2
	0
	0
	0
	0
	0
	0
	0
	0
	0
	0
	0
	0
	0
	0
	0
	0
	0
	0
	0
	0
	0
	0
	0
	0
	0
	0
	0
	0
	0
	0
	0
	0
	0
	0
	0
	0
	0
	0
	0
	0
	0
	0
	0
	0
	0
	0
	0
	0
	0
	0
	0
	0
	0
	0
	0
	0
	0
	0
	0
	0
	0
}
InitialItems {
	0
	0
	0
	0
	0
	0
	0
	0
	0
	0
	0
	0
	0
	0
	0
	0
	0
	0
	0
	0
}
list3 {
	0
	0
	0
	0
	0
	0
	0
	0
	0
	0
	0
	0
	0
	0
	0
	0
	0
	0
	0
	0
	0
	0
	0
	0
	1
	256
	0
	0
	257
	0
	0
	0
	0
	0
	0
	0
	0
	0
	0
	0
	0
	0
	0
	0
	0
	0
	0
	0
	1
	257
	0
	0
	256
	256
	0
	1
	257
	0
	0
	0
	0
	0
	0
	0
	0
	0
	0
	0
	0
	1
	257
	0
	1
	257
	257
}
}



{
id: 0
field_0x2: 0
sneakAttack: 0
majorWound: 0
detectSecret: 0
acrobaticAct: 0
detectTrap: 0
disableTrap: 0
unknown: 0
forceLock: 0
unknown2: 0
pickLock: 0
unknown3: 0
turnUndead: 0
list1 {
	0
	0
	0
	0
	0
	0
	0
	0
	0
	0
	0
	0
	0
	0
	0
	0
	0
	0
	0
	0
	0
	0
	0
	0
	0
	0
	0
	0
	0
	0
	0
	0
	0
	0
	0
	0
	0
	257
	0
	0
	3
	25
	3
	25
	3
	25
	3
	25
	3
	25
	3
	25
	0
	0
	0
	0
	0
	0
	0
	0
	0
	0
	0
	0
	0
	0
	0
	0
	0
	0
	0
	0
	0
	0
	0
	0
	0
	0
	0
	0
	0
	0
	0
	0
	0
	0
	0
	0
	0
	0
	0
	0
	0
	0
	0
	0
	0
	0
	0
	0
	0
	0
	0
	0
	0
	0
	3
	25
	3
	25
}
creatorCodeId: 0
age: 1
list2 {
	0
	1
	0
	0
	0
	2
	0
	0
	0
	0
	0
	0
	0
	0
	0
	0
	0
	0
	0
	0
	0
	0
	0
	0
	0
	0
	0
	0
	0
	0
	0
	0
	0
	0
	0
	0
	0
	0
	0
	0
	0
	0
	0
	0
	0
	0
	0
	0
	0
	0
	0
	0
	0
	0
	0
	0
	0
	0
	0
	0
	0
	0
	0
	0
	0
	0
	0
}
InitialItems {
	0
	0
	0
	0
	0
	0
	0
	0
	0
	0
	0
	0
	0
	0
	0
	0
	0
	0
	0
	0
}
list3 {
	0
	0
	0
	0
	0
	1
	256
	0
	0
	257
	0
	0
	0
	0
	0
	0
	0
	0
	0
	0
	0
	0
	0
	0
	0
	0
	0
	0
	0
	1
	257
	0
	0
	256
	256
	0
	1
	257
	0
	0
	0
	0
	0
	0
	0
	0
	0
	0
	0
	0
	1
	257
	0
	1
	257
	257
	0
	257
	257
	256
	1
	257
	257
	0
	1
	257
	0
	0
	0
	0
	0
	0
	0
	0
	0
}
}



{
id: 0
field_0x2: 0
sneakAttack: 0
majorWound: 0
detectSecret: 0
acrobaticAct: 0
detectTrap: 0
disableTrap: 0
unknown: 0
forceLock: 0
unknown2: 0
pickLock: 0
unknown3: 0
turnUndead: 0
list1 {
	0
	0
	0
	0
	0
	0
	0
	0
	0
	0
	0
	0
	0
	0
	0
	0
	0
	0
	0
	0
	0
	0
	0
	0
	0
	0
	0
	0
	0
	0
	0
	0
	0
	0
	0
	0
	0
	0
	0
	0
	3
	25
	3
	25
	3
	25
	3
	25
	3
	25
	3
	25
	0
	0
	0
	0
	0
	0
	0
	0
	0
	0
	0
	0
	0
	0
	0
	0
	0
	0
	0
	0
	0
	0
	0
	0
	0
	0
	0
	0
	0
	0
	0
	0
	0
	0
	0
	0
	0
	0
	0
	0
	0
	0
	0
	0
	0
	0
	0
	0
	0
	0
	0
	0
	0
	0
	0
	0
	0
	0
}
creatorCodeId: 0
age: 1
list2 {
	0
	1
	0
	0
	0
	2
	0
	0
	0
	0
	0
	0
	0
	0
	0
	0
	0
	0
	0
	0
	0
	0
	0
	0
	0
	0
	0
	0
	0
	0
	0
	0
	0
	0
	0
	0
	0
	0
	0
	0
	0
	0
	0
	0
	0
	0
	0
	0
	0
	0
	0
	0
	0
	0
	0
	0
	0
	0
	0
	0
	0
	0
	0
	0
	0
	0
	0
}
InitialItems {
	0
	0
	0
	0
	0
	0
	0
	0
	0
	0
	0
	0
	0
	0
	0
	0
	0
	0
	0
	0
}
list3 {
	0
	0
	0
	0
	0
	0
	0
	0
	0
	0
	1
	257
	0
	0
	256
	256
	0
	1
	257
	0
	0
	0
	0
	0
	0
	0
	0
	0
	0
	0
	0
	1
	257
	0
	1
	257
	257
	0
	257
	257
	256
	1
	257
	257
	0
	1
	257
	0
	0
	0
	0
	0
	0
	0
	0
	0
	0
	0
	1
	257
	257
	257
	257
	257
	257
	256
	0
	0
	0
	0
	0
	0
	0
	0
	0
}
}



{
id: 0
field_0x2: 0
sneakAttack: 0
majorWound: 0
detectSecret: 0
acrobaticAct: 0
detectTrap: 0
disableTrap: 0
unknown: 0
forceLock: 0
unknown2: 0
pickLock: 0
unknown3: 0
turnUndead: 0
list1 {
	0
	0
	0
	0
	0
	0
	0
	0
	0
	0
	0
	0
	0
	0
	0
	0
	0
	0
	0
	0
	0
	0
	0
	0
	0
	0
	0
	0
	0
	0
	0
	0
	0
	0
	0
	0
	0
	0
	0
	0
	3
	25
	3
	25
	3
	25
	3
	25
	3
	25
	3
	25
	0
	0
	0
	0
	0
	0
	0
	0
	0
	0
	0
	0
	0
	0
	0
	0
	0
	0
	0
	0
	0
	0
	0
	0
	0
	0
	0
	0
	0
	0
	0
	0
	0
	0
	0
	0
	0
	0
	0
	0
	0
	0
	0
	0
	0
	0
	0
	0
	0
	0
	0
	0
	0
	0
	0
	0
	0
	0
}
creatorCodeId: 0
age: 1
list2 {
	0
	1
	0
	0
	0
	2
	0
	0
	0
	0
	0
	0
	0
	0
	0
	0
	0
	0
	0
	0
	0
	0
	0
	0
	0
	0
	0
	0
	0
	0
	0
	0
	0
	0
	0
	0
	0
	0
	0
	0
	0
	0
	0
	0
	0
	0
	0
	0
	0
	0
	0
	0
	0
	0
	0
	0
	0
	0
	0
	0
	0
	0
	0
	0
	0
	0
	0
}
InitialItems {
	0
	0
	0
	0
	0
	0
	0
	0
	0
	0
	0
	0
	0
	0
	0
	0
	0
	0
	0
	0
}
list3 {
	0
	0
	0
	0
	0
	0
	0
	0
	0
	0
	0
	0
	1
	257
	0
	1
	257
	257
	0
	257
	257
	256
	1
	257
	257
	0
	1
	257
	0
	0
	0
	0
	0
	0
	0
	0
	0
	0
	0
	1
	257
	257
	257
	257
	257
	257
	256
	0
	0
	0
	0
	0
	0
	0
	0
	0
	0
	0
	0
	0
	256
	0
	0
	257
	0
	0
	257
	0
	0
	257
	0
	0
	257
	0
	0
}
}



{
id: 0
field_0x2: 0
sneakAttack: 0
majorWound: 0
detectSecret: 0
acrobaticAct: 0
detectTrap: 0
disableTrap: 0
unknown: 0
forceLock: 0
unknown2: 0
pickLock: 0
unknown3: 0
turnUndead: 0
list1 {
	0
	0
	0
	0
	0
	0
	0
	0
	0
	0
	0
	0
	0
	0
	0
	0
	0
	0
	0
	0
	0
	0
	0
	0
	0
	0
	0
	0
	0
	0
	0
	0
	0
	0
	0
	0
	0
	0
	0
	0
	3
	25
	3
	25
	3
	25
	3
	25
	3
	25
	3
	25
	0
	0
	0
	0
	0
	0
	0
	0
	0
	0
	0
	0
	0
	0
	0
	0
	0
	0
	0
	0
	0
	0
	0
	0
	0
	0
	0
	0
	0
	0
	0
	0
	0
	0
	0
	0
	0
	0
	0
	0
	0
	0
	0
	0
	0
	0
	0
	0
	0
	0
	0
	0
	0
	0
	0
	0
	0
	0
}
creatorCodeId: 0
age: 1
list2 {
	0
	1
	0
	0
	0
	2
	0
	0
	0
	0
	0
	0
	0
	0
	0
	0
	0
	0
	0
	0
	0
	0
	0
	0
	0
	0
	0
	0
	0
	0
	0
	0
	0
	0
	0
	0
	0
	0
	0
	0
	0
	0
	0
	0
	0
	0
	0
	0
	0
	0
	0
	0
	0
	0
	0
	0
	0
	0
	0
	0
	0
	0
	0
	0
	0
	0
	0
}
InitialItems {
	0
	0
	0
	0
	0
	0
	0
	0
	0
	0
	0
	0
	0
	0
	0
	0
	0
	0
	0
	0
}
list3 {
	0
	0
	0
	0
	0
	0
	0
	0
	0
	0
	0
	0
	1
	257
	0
	1
	257
	257
	0
	257
	257
	256
	1
	257
	257
	0
	1
	257
	0
	0
	0
	0
	0
	0
	0
	0
	0
	0
	0
	1
	257
	257
	257
	257
	257
	257
	256
	0
	0
	0
	0
	0
	0
	0
	0
	0
	0
	0
	0
	0
	256
	0
	0
	257
	0
	0
	257
	0
	0
	257
	0
	0
	257
	0
	0
}
}



{
id: 0
field_0x2: 0
sneakAttack: 0
majorWound: 0
detectSecret: 0
acrobaticAct: 0
detectTrap: 0
disableTrap: 0
unknown: 0
forceLock: 0
unknown2: 0
pickLock: 0
unknown3: 0
turnUndead: 0
list1 {
	0
	0
	0
	0
	0
	0
	0
	0
	0
	0
	0
	0
	0
	0
	0
	0
	0
	0
	0
	0
	0
	0
	0
	0
	0
	0
	0
	0
	0
	0
	0
	0
	0
	0
	0
	0
	0
	0
	0
	0
	3
	25
	3
	25
	3
	25
	3
	25
	3
	25
	3
	25
	0
	0
	0
	0
	0
	0
	0
	0
	0
	0
	0
	0
	0
	0
	0
	0
	0
	0
	0
	0
	0
	0
	0
	0
	0
	0
	0
	0
	0
	0
	0
	0
	0
	0
	0
	0
	0
	0
	0
	0
	0
	0
	0
	0
	0
	0
	0
	0
	0
	0
	0
	0
	0
	0
	0
	0
	0
	0
}
creatorCodeId: 0
age: 1
list2 {
	0
	1
	0
	0
	0
	2
	0
	0
	0
	0
	0
	0
	0
	0
	0
	0
	0
	0
	0
	0
	0
	0
	0
	0
	0
	0
	0
	0
	0
	0
	0
	0
	0
	0
	0
	0
	0
	0
	0
	0
	0
	0
	0
	0
	0
	0
	0
	0
	0
	0
	0
	0
	0
	0
	0
	0
	0
	0
	0
	0
	0
	0
	0
	0
	0
	0
	0
}
InitialItems {
	0
	0
	0
	0
	0
	0
	0
	0
	0
	0
	0
	0
	0
	0
	0
	0
	0
	0
	0
	0
}
list3 {
	0
	0
	0
	0
	0
	0
	0
	0
	0
	0
	0
	0
	1
	257
	0
	1
	257
	257
	0
	257
	257
	256
	1
	257
	257
	0
	1
	257
	0
	0
	0
	0
	0
	0
	0
	0
	0
	0
	0
	1
	257
	257
	257
	257
	257
	257
	256
	0
	0
	0
	0
	0
	0
	0
	0
	0
	0
	0
	0
	0
	256
	0
	0
	257
	0
	0
	257
	0
	0
	257
	0
	0
	257
	0
	0
}
}



